TRAIN_LOSS,TEST_HR_ALL,TEST_HR_UNSEEN
136538.4219,0.5100,0.5000
109052.2734,0.5022,0.4900
86309.3906,0.5233,0.5200
75831.7266,0.5233,0.5300
77937.7578,0.5178,0.5200
79865.7578,0.5189,0.5300
75159.2266,0.4878,0.5100
66378.0312,0.5022,0.5200
59476.0430,0.4878,0.5200
58573.1875,0.4967,0.5000
60053.4648,0.4844,0.4300
56138.9805,0.4922,0.4300
46976.5547,0.5011,0.4400
37861.9023,0.5089,0.4600
32486.7695,0.5233,0.4200
28756.7598,0.5233,0.4200
22653.3633,0.5200,0.4100
15307.8477,0.5078,0.4900
12136.4385,0.4933,0.4700
13381.2061,0.5133,0.4300
11903.2910,0.5122,0.4300
9092.8652,0.5233,0.4800
10425.2988,0.5222,0.4800
12790.5215,0.5267,0.5200
11352.2012,0.5356,0.5100
9558.7910,0.5478,0.5200
9675.3389,0.5578,0.5100
8287.2783,0.5633,0.5000
5514.6855,0.5667,0.5300
4355.7764,0.5600,0.5100
4636.4272,0.5489,0.5300
4438.6445,0.5511,0.5200
4064.8984,0.5556,0.5400
4570.7939,0.5556,0.5700
5401.7847,0.5567,0.5400
5444.2129,0.5578,0.4900
4872.9565,0.5678,0.4900
4507.8555,0.5578,0.4700
4317.4014,0.5511,0.3800
3751.9602,0.5633,0.4500
3041.3381,0.5689,0.4000
2878.0552,0.5711,0.4500
3043.8982,0.5689,0.4600
2862.5259,0.5667,0.4500
2658.7078,0.5778,0.4700
2786.0532,0.5933,0.5000
2716.3960,0.6089,0.5500
2317.9309,0.6100,0.5300
2113.8269,0.6144,0.5800
2100.7412,0.6100,0.6000
1955.2598,0.6156,0.5600
1845.6953,0.6211,0.6000
1954.7518,0.6200,0.5900
2049.4702,0.6178,0.5900
1981.3643,0.6167,0.5700
1909.0951,0.6056,0.5400
1891.1384,0.6067,0.5200
1795.1068,0.6200,0.5300
1652.9001,0.6256,0.5500
1616.2693,0.6089,0.5000
1632.0210,0.6056,0.5300
1593.9945,0.6078,0.4900
1571.5498,0.6044,0.4400
1582.7090,0.6189,0.5000
1530.4221,0.6344,0.5200
1452.0917,0.6300,0.5000
1423.7844,0.6478,0.5300
1397.3394,0.6511,0.5700
1360.0153,0.6533,0.5600
1361.3722,0.6433,0.5600
1369.4493,0.6444,0.5500
1341.6349,0.6456,0.5300
1313.4089,0.6444,0.5200
1294.7881,0.6611,0.5700
1257.7930,0.6711,0.6000
1224.8986,0.6544,0.5800
1216.7509,0.6478,0.5700
1204.0023,0.6478,0.5700
1184.7435,0.6411,0.5400
1175.3971,0.6411,0.5100
1157.4606,0.6478,0.5200
1129.6001,0.6467,0.5000
1112.6279,0.6478,0.5000
1098.5837,0.6511,0.5100
1081.4901,0.6522,0.5100
1072.8523,0.6533,0.5200
1064.7683,0.6511,0.5400
1048.8105,0.6544,0.5600
1034.6024,0.6522,0.5400
1021.2174,0.6533,0.5200
1004.2802,0.6556,0.5100
991.7476,0.6578,0.5000
982.2340,0.6589,0.4900
969.7401,0.6578,0.5000
958.5923,0.6600,0.5100
947.7535,0.6589,0.5100
934.1169,0.6600,0.5000
922.6114,0.6578,0.5000
912.8940,0.6589,0.5000
902.3656,0.6600,0.5200
893.5163,0.6611,0.5100
884.7131,0.6622,0.5100
874.1313,0.6622,0.5100
864.3718,0.6611,0.5000
854.7595,0.6600,0.5000
844.7380,0.6578,0.5000
836.0646,0.6589,0.5100
827.2975,0.6578,0.5300
817.9107,0.6533,0.5200
809.0483,0.6522,0.5200
799.7599,0.6511,0.5300
790.5115,0.6511,0.5500
782.0984,0.6533,0.5500
773.5214,0.6511,0.5400
765.0889,0.6511,0.5300
756.8698,0.6500,0.5100
748.2145,0.6489,0.5100
739.7886,0.6478,0.5100
731.5925,0.6511,0.5100
723.3492,0.6500,0.5100
715.4857,0.6500,0.5100
707.5913,0.6533,0.5300
699.5947,0.6567,0.5400
691.7897,0.6578,0.5500
683.9225,0.6556,0.5400
676.2258,0.6544,0.5300
668.7316,0.6511,0.5300
661.1860,0.6489,0.5300
653.7534,0.6500,0.5300
646.3059,0.6511,0.5300
638.8454,0.6478,0.5200
631.5416,0.6533,0.5300
624.2495,0.6544,0.5200
617.0346,0.6567,0.5200
609.8718,0.6544,0.5300
602.6700,0.6533,0.5400
595.5458,0.6544,0.5400
588.4472,0.6544,0.5400
581.4037,0.6556,0.5400
574.4410,0.6578,0.5400
567.4836,0.6567,0.5400
560.5831,0.6589,0.5400
553.7192,0.6611,0.5500
546.9001,0.6611,0.5300
540.1700,0.6689,0.5300
533.4850,0.6711,0.5400
526.8701,0.6700,0.5400
520.3156,0.6656,0.5400
513.8170,0.6644,0.5400
507.4091,0.6644,0.5300
501.0742,0.6633,0.5300
494.8305,0.6644,0.5300
488.6711,0.6611,0.5300
482.5892,0.6589,0.5400
476.6060,0.6611,0.5400
470.7112,0.6622,0.5600
464.9209,0.6611,0.5700
459.2300,0.6622,0.5600
453.6367,0.6578,0.5500
448.1479,0.6611,0.5500
442.7574,0.6611,0.5500
437.4768,0.6622,0.5500
432.3016,0.6633,0.5500
427.2320,0.6633,0.5400
422.2685,0.6656,0.5300
417.4053,0.6700,0.5400
412.6472,0.6733,0.5400
407.9895,0.6733,0.5300
403.4323,0.6711,0.5300
398.9736,0.6689,0.5300
394.6074,0.6689,0.5200
390.3358,0.6711,0.5300
386.1531,0.6711,0.5300
382.0586,0.6700,0.5300
378.0492,0.6678,0.5200
374.1206,0.6678,0.5200
370.2714,0.6689,0.5200
366.4974,0.6667,0.5200
362.7979,0.6644,0.5000
359.1686,0.6633,0.5000
355.6074,0.6633,0.5000
352.1122,0.6644,0.4900
348.6785,0.6644,0.4900
345.3069,0.6656,0.4900
341.9931,0.6644,0.4800
338.7363,0.6656,0.4800
335.5337,0.6656,0.4700
332.3841,0.6689,0.4700
329.2851,0.6722,0.4800
326.2349,0.6756,0.4800
323.2328,0.6744,0.4800
320.2770,0.6744,0.4800
317.3661,0.6756,0.4900
314.4979,0.6756,0.4900
311.6726,0.6767,0.4900
308.8880,0.6767,0.4900
306.1432,0.6756,0.4900
303.4377,0.6722,0.4900
300.7699,0.6744,0.4900
298.1396,0.6756,0.4900
295.5448,0.6733,0.4800
292.9860,0.6733,0.4800
290.4615,0.6722,0.4800
287.9712,0.6711,0.4800
285.5143,0.6711,0.4800
283.0899,0.6711,0.4700
280.6978,0.6722,0.4700
278.3371,0.6733,0.4700
276.0078,0.6733,0.4700
273.7089,0.6722,0.4700
271.4406,0.6722,0.4700
269.2020,0.6744,0.4700
266.9929,0.6744,0.4700
264.8134,0.6733,0.4700
262.6625,0.6733,0.4500
260.5407,0.6767,0.4500
258.4470,0.6756,0.4400
256.3816,0.6767,0.4400
254.3441,0.6789,0.4400
252.3344,0.6811,0.4400
250.3523,0.6822,0.4500
248.3978,0.6856,0.4600
246.4704,0.6867,0.4700
244.5701,0.6844,0.4800
242.6969,0.6844,0.4800
240.8501,0.6856,0.4800
239.0296,0.6856,0.4800
237.2363,0.6856,0.4800
235.4689,0.6844,0.4800
233.7277,0.6844,0.4800
232.0123,0.6844,0.4800
230.3231,0.6833,0.4800
228.6590,0.6833,0.4800
227.0209,0.6833,0.4800
225.4079,0.6833,0.4800
223.8202,0.6822,0.4800
222.2574,0.6822,0.4800
220.7194,0.6822,0.4700
219.2061,0.6789,0.4600
217.7170,0.6800,0.4600
216.2524,0.6811,0.4700
214.8116,0.6856,0.4700
213.3947,0.6844,0.4600
212.0013,0.6856,0.4600
210.6311,0.6867,0.4600
209.2844,0.6878,0.4600
207.9602,0.6867,0.4600
206.6592,0.6878,0.4600
205.3800,0.6878,0.4600
204.1233,0.6889,0.4600
202.8881,0.6922,0.4600
201.6744,0.6922,0.4600
200.4822,0.6922,0.4600
199.3106,0.6933,0.4600
198.1599,0.6933,0.4600
197.0297,0.6944,0.4600
195.9194,0.6956,0.4600
194.8289,0.6956,0.4700
193.7578,0.6944,0.4700
192.7059,0.6944,0.4700
191.6725,0.6922,0.4700
190.6577,0.6933,0.4700
189.6609,0.6933,0.4700
188.6820,0.6944,0.4700
187.7205,0.6944,0.4700
186.7760,0.6956,0.4700
185.8483,0.6944,0.4500
184.9372,0.6944,0.4500
184.0421,0.6956,0.4500
183.1629,0.6967,0.4500
182.2988,0.6967,0.4500
181.4501,0.6967,0.4500
180.6159,0.6967,0.4500
179.7964,0.6944,0.4500
178.9909,0.6944,0.4500
178.1994,0.6944,0.4500
177.4212,0.6956,0.4500
176.6564,0.6967,0.4500
175.9045,0.6956,0.4500
175.1651,0.6967,0.4500
174.4379,0.6967,0.4500
173.7228,0.6978,0.4500
173.0195,0.6978,0.4500
172.3275,0.6956,0.4500
171.6468,0.6956,0.4500
170.9771,0.6967,0.4600
170.3182,0.6967,0.4600
169.6696,0.6967,0.4500
169.0311,0.6978,0.4500
168.4026,0.6978,0.4500
167.7838,0.6967,0.4500
167.1744,0.6967,0.4500
166.5744,0.6967,0.4500
165.9834,0.6967,0.4500
165.4013,0.6967,0.4500
164.8278,0.6978,0.4600
164.2627,0.6978,0.4600
163.7058,0.6978,0.4600
163.1569,0.6989,0.4600
162.6161,0.6989,0.4600
162.0829,0.6989,0.4600
161.5571,0.6989,0.4600
161.0388,0.6989,0.4600
160.5277,0.6978,0.4600
160.0236,0.6978,0.4600
159.5265,0.6978,0.4600
159.0361,0.6978,0.4600
158.5524,0.6989,0.4600
158.0749,0.6978,0.4600
157.6040,0.6989,0.4600
157.1393,0.6989,0.4600
156.6806,0.6989,0.4600
156.2276,0.6989,0.4600
155.7808,0.7000,0.4700
155.3395,0.7000,0.4700
154.9039,0.7000,0.4700
154.4736,0.7000,0.4700
154.0490,0.7000,0.4700
153.6294,0.7000,0.4700
153.2151,0.7000,0.4700
152.8059,0.6989,0.4700
152.4016,0.6989,0.4700
152.0021,0.6989,0.4700
151.6075,0.6978,0.4600
151.2174,0.6978,0.4600
150.8320,0.6978,0.4600
150.4512,0.6956,0.4600
150.0749,0.6956,0.4600
149.7029,0.6967,0.4700
149.3350,0.6967,0.4700
148.9713,0.6978,0.4700
148.6118,0.6978,0.4700
148.2563,0.6978,0.4700
147.9046,0.6989,0.4700
147.5569,0.6978,0.4700
147.2131,0.6978,0.4700
146.8728,0.6989,0.4700
146.5364,0.7000,0.4700
146.2036,0.7000,0.4700
145.8741,0.7000,0.4700
145.5482,0.7011,0.4700
145.2256,0.7011,0.4700
144.9064,0.7011,0.4700
144.5906,0.7011,0.4700
144.2778,0.7011,0.4700
143.9682,0.7011,0.4700
143.6617,0.7011,0.4700
143.3582,0.7011,0.4700
143.0577,0.7022,0.4700
142.7601,0.7022,0.4700
142.4655,0.7033,0.4700
142.1734,0.7033,0.4700
141.8844,0.7022,0.4700
141.5978,0.7033,0.4700
141.3141,0.7033,0.4700
141.0329,0.7033,0.4700
140.7543,0.7033,0.4700
140.4782,0.7033,0.4700
140.2044,0.7033,0.4700
139.9332,0.7022,0.4700
139.6643,0.7022,0.4700
139.3979,0.7022,0.4700
139.1334,0.7022,0.4700
138.8714,0.7022,0.4700
138.6115,0.7033,0.4700
138.3537,0.7033,0.4700
138.0982,0.7033,0.4700
137.8446,0.7033,0.4700
137.5930,0.7044,0.4700
137.3436,0.7056,0.4700
137.0960,0.7056,0.4700
136.8504,0.7056,0.4700
136.6066,0.7056,0.4700
136.3647,0.7056,0.4700
136.1245,0.7056,0.4700
135.8861,0.7056,0.4700
135.6496,0.7056,0.4700
135.4147,0.7044,0.4700
135.1814,0.7044,0.4700
134.9500,0.7044,0.4700
134.7200,0.7044,0.4700
134.4916,0.7044,0.4700
134.2648,0.7056,0.4700
134.0393,0.7056,0.4700
133.8157,0.7056,0.4700
133.5934,0.7056,0.4700
133.3726,0.7044,0.4700
133.1530,0.7044,0.4700
132.9350,0.7044,0.4700
132.7184,0.7044,0.4700
132.5030,0.7056,0.4700
132.2889,0.7067,0.4700
132.0762,0.7067,0.4700
131.8647,0.7067,0.4700
131.6545,0.7056,0.4700
131.4455,0.7033,0.4700
131.2377,0.7033,0.4700
131.0311,0.7033,0.4700
130.8256,0.7033,0.4700
130.6212,0.7044,0.4700
130.4181,0.7044,0.4700
130.2159,0.7044,0.4700
130.0149,0.7044,0.4700
129.8150,0.7044,0.4700
129.6160,0.7044,0.4700
129.4182,0.7044,0.4700
129.2212,0.7044,0.4700
129.0253,0.7056,0.4700
128.8305,0.7056,0.4700
128.6364,0.7056,0.4700
128.4435,0.7056,0.4700
128.2513,0.7067,0.4700
128.0602,0.7067,0.4700
127.8698,0.7067,0.4700
127.6804,0.7067,0.4700
127.4917,0.7067,0.4700
127.3040,0.7078,0.4700
127.1172,0.7089,0.4700
126.9312,0.7089,0.4700
126.7458,0.7089,0.4700
126.5614,0.7100,0.4700
126.3777,0.7100,0.4700
126.1947,0.7100,0.4700
126.0126,0.7111,0.4700
125.8313,0.7111,0.4700
125.6506,0.7111,0.4700
125.4706,0.7111,0.4700
125.2914,0.7111,0.4800
125.1128,0.7111,0.4800
124.9349,0.7111,0.4800
124.7577,0.7122,0.4800
124.5812,0.7122,0.4800
124.4052,0.7133,0.4800
124.2301,0.7133,0.4800
124.0555,0.7133,0.4800
123.8815,0.7122,0.4700
123.7082,0.7122,0.4700
123.5355,0.7122,0.4700
123.3633,0.7122,0.4700
123.1918,0.7122,0.4700
123.0208,0.7122,0.4700
122.8504,0.7122,0.4700
122.6805,0.7122,0.4700
122.5113,0.7111,0.4700
122.3424,0.7111,0.4700
122.1743,0.7111,0.4700
122.0066,0.7111,0.4700
121.8394,0.7100,0.4700
121.6729,0.7111,0.4700
121.5067,0.7111,0.4700
121.3410,0.7111,0.4700
121.1759,0.7111,0.4700
121.0113,0.7111,0.4700
120.8471,0.7111,0.4700
120.6833,0.7111,0.4700
120.5202,0.7122,0.4700
120.3574,0.7122,0.4700
120.1950,0.7122,0.4700
120.0333,0.7122,0.4700
119.8717,0.7122,0.4700
119.7107,0.7122,0.4700
119.5502,0.7122,0.4700
119.3899,0.7122,0.4700
119.2302,0.7122,0.4700
119.0709,0.7133,0.4700
118.9120,0.7133,0.4700
118.7535,0.7133,0.4700
118.5954,0.7133,0.4700
118.4376,0.7133,0.4700
118.2803,0.7133,0.4700
118.1234,0.7133,0.4700
117.9668,0.7133,0.4700
117.8105,0.7133,0.4700
117.6547,0.7144,0.4800
117.4992,0.7144,0.4800
117.3441,0.7122,0.4800
117.1893,0.7122,0.4800
117.0349,0.7122,0.4800
116.8808,0.7122,0.4800
116.7271,0.7122,0.4800
116.5737,0.7133,0.4800
116.4206,0.7133,0.4800
116.2679,0.7133,0.4800
116.1155,0.7133,0.4800
115.9635,0.7133,0.4800
115.8117,0.7133,0.4800
115.6602,0.7133,0.4800
115.5091,0.7133,0.4800
115.3582,0.7133,0.4800
115.2077,0.7133,0.4800
115.0575,0.7133,0.4800
114.9075,0.7133,0.4800
114.7579,0.7133,0.4800
114.6085,0.7133,0.4800
114.4596,0.7133,0.4800
114.3107,0.7133,0.4800
114.1622,0.7133,0.4800
114.0140,0.7133,0.4800
113.8661,0.7133,0.4800
113.7186,0.7133,0.4800
113.5712,0.7144,0.4800
113.4241,0.7144,0.4800
113.2772,0.7156,0.4800
113.1307,0.7156,0.4800
112.9844,0.7144,0.4800
112.8384,0.7144,0.4800
112.6926,0.7144,0.4800
112.5471,0.7156,0.4800
112.4018,0.7156,0.4800
112.2568,0.7156,0.4800
112.1120,0.7156,0.4800
111.9676,0.7156,0.4800
111.8233,0.7156,0.4800
111.6794,0.7156,0.4800
111.5356,0.7156,0.4800
111.3920,0.7156,0.4800
111.2488,0.7156,0.4800
111.1057,0.7156,0.4800
110.9631,0.7156,0.4800
110.8204,0.7156,0.4800
110.6782,0.7156,0.4800
110.5362,0.7156,0.4800
110.3944,0.7156,0.4800
110.2527,0.7156,0.4800
110.1113,0.7156,0.4800
109.9702,0.7167,0.4800
109.8292,0.7167,0.4800
109.6886,0.7167,0.4800
109.5482,0.7167,0.4800
109.4080,0.7167,0.4800
109.2680,0.7167,0.4800
109.1282,0.7178,0.4800
108.9886,0.7178,0.4800
108.8495,0.7178,0.4800
108.7103,0.7178,0.4800
108.5715,0.7178,0.4800
108.4328,0.7178,0.4800
108.2945,0.7178,0.4800
108.1562,0.7178,0.4800
108.0183,0.7178,0.4800
107.8805,0.7178,0.4800
107.7431,0.7178,0.4800
107.6059,0.7178,0.4800
107.4688,0.7178,0.4800
107.3321,0.7178,0.4800
107.1954,0.7178,0.4800
107.0590,0.7178,0.4800
106.9229,0.7178,0.4800
106.7869,0.7189,0.4800
106.6511,0.7178,0.4800
106.5156,0.7178,0.4800
106.3803,0.7178,0.4800
106.2453,0.7178,0.4800
106.1105,0.7178,0.4800
105.9759,0.7178,0.4800
105.8416,0.7178,0.4800
105.7074,0.7189,0.4800
105.5735,0.7189,0.4800
105.4398,0.7189,0.4800
105.3063,0.7189,0.4800
105.1731,0.7189,0.4800
105.0400,0.7189,0.4800
104.9072,0.7200,0.4800
104.7746,0.7200,0.4800
104.6423,0.7200,0.4800
104.5103,0.7189,0.4700
104.3784,0.7189,0.4700
104.2467,0.7189,0.4700
104.1153,0.7200,0.4700
103.9841,0.7200,0.4700
103.8531,0.7200,0.4700
103.7224,0.7200,0.4700
103.5919,0.7189,0.4700
103.4616,0.7189,0.4700
103.3316,0.7189,0.4700
103.2018,0.7189,0.4700
103.0722,0.7200,0.4700
102.9429,0.7200,0.4700
102.8138,0.7200,0.4700
102.6851,0.7200,0.4700
102.5564,0.7200,0.4700
102.4281,0.7200,0.4700
102.2999,0.7200,0.4700
102.1721,0.7189,0.4700
102.0445,0.7211,0.4700
101.9171,0.7211,0.4700
101.7899,0.7211,0.4700
101.6631,0.7222,0.4700
101.5365,0.7222,0.4700
101.4100,0.7211,0.4700
101.2839,0.7211,0.4700
101.1581,0.7211,0.4700
101.0323,0.7200,0.4700
100.9070,0.7200,0.4700
100.7817,0.7200,0.4700
100.6570,0.7200,0.4700
100.5324,0.7200,0.4700
100.4079,0.7200,0.4700
100.2839,0.7200,0.4700
100.1600,0.7200,0.4700
